LastComm	LastUpdate	N_Bikes	N_Empty
1447721525758	1447721524467	14	1
1447724275841	1447724274308	15	0
1447724857620	1447724856715	14	1
1447730922147	1447730920207	15	0
1447758545538	1447758544231	14	1
1447761193887	1447761192496	13	2
1447762525220	1447762523734	12	3
1447765006361	1447765004910	12	3
1447765009524	1447765009121	11	4
1447765953300	1447765952526	9	6
1447766309248	1447766308741	8	7
1447766985610	1447766985064	7	8
1447767376465	1447767375239	8	7
1447767834270	1447767833640	8	7
1447769532346	1447769531634	7	8
1447770151053	1447770149983	6	9
1447770898081	1447770896973	5	10
1447773041643	1447773040686	4	11
1447774120852	1447774119826	3	12
1447775014539	1447775013470	2	13
1447777140460	1447777127369	3	12
1447778342349	1447778341489	4	11
1447779602319	1447779601992	3	12
1447783381976	1447783380824	2	13
1447784308648	1447784307018	2	13
1447784311838	1447784311205	1	14
1447791629348	1447791620269	1	14
1447791742324	1447791740448	2	13
1447792533164	1447792532288	3	12
1447795727703	1447795726604	4	11
1447796937004	1447796936604	3	12
1447797750060	1447797749494	2	13
1447799114435	1447799113142	3	12
1447800520610	1447800519813	2	13
1447800912899	1447800911537	3	12
1447803371289	1447803369847	4	11
1447803583577	1447803582424	3	12
1447806799784	1447806798089	4	11
1447806992803	1447806992320	5	10
1447807998328	1447807997466	6	9
1447808866596	1447808865679	5	10
1447808958929	1447808957906	6	9
1447809386770	1447809385776	7	8
1447810196903	1447810195815	8	7
1447810415618	1447810414556	9	6
1447810563882	1447810545746	10	5
1447811816776	1447811815587	11	4
1447812369876	1447812368696	12	3
1447813482234	1447813480826	13	2
1447813993458	1447813992843	12	3
1447814895550	1447814894155	13	2
1447815491698	1447815490988	12	3
1447817812240	1447817811072	13	2
1447819320033	1447819318296	14	1
1447823674032	1447823672806	15	0
1447829039158	1447829035891	15	0
1447843612667	1447843602526	15	0
1447843612667	1447843611594	14	1
1447847603292	1447847601953	13	2
1447848256936	1447848255562	12	3
1447848635679	1447848634248	11	4
1447851813960	1447851813561	10	5
1447852156816	1447852156114	9	6
1447852965438	1447852964969	8	7
1447853175321	1447853174148	9	6
1447853282183	1447853281370	7	8
1447853460121	1447853458939	8	7
1447853523456	1447853521968	8	7
1447853538502	1447853537713	7	8
1447854018970	1447854017348	7	8
1447854022941	1447854022399	6	9
1447854297158	1447854296602	5	10
1447854796800	1447854796224	4	11
1447856494911	1447856494193	3	12
1447858211122	1447858210274	2	13
1447860049230	1447860048301	1	14
1447862783770	1447862781927	2	13
1447865591721	1447865590738	1	14
1447866000595	1447865979839	3	12
1447866030248	1447866029222	7	8
1447866076335	1447866075323	9	6
1447869801327	1447869799208	10	5
1447881783763	1447881782868	11	4
1447882686135	1447882685119	12	3
1447887662614	1447887660828	12	3
1447887676426	1447887675314	11	4
1447890991177	1447890990325	10	5
1447893822976	1447893821258	11	4
1447895926777	1447895925903	10	5
1447898515930	1447898514208	11	4
1447899239863	1447899238043	12	3
1447901288351	1447901286467	13	2
1447907089049	1447907086747	14	1
1447916120812	1447916118993	15	0
1447936507510	1447936505621	14	1
1447938206850	1447938206275	13	2
1447939019937	1447939018640	14	1
1447939712281	1447939711525	13	2
1447940096008	1447940094975	12	3
1447941288448	1447941287674	11	4
1447941661661	1447941660844	10	5
1447941912598	1447941911775	9	6
1447942232330	1447942231143	8	7
1447942975496	1447942974598	9	6
1447943056700	1447943055440	8	7
1447943658752	1447943657495	7	8
1447949027621	1447949026321	6	9
1447952230719	1447952230014	5	10
1447955071833	1447955070964	4	11
1447957329349	1447957327998	3	12
1447957961497	1447957960425	2	13
1447959335857	1447959334028	3	12
1447961572238	1447961570932	2	13
1447961844020	1447961841954	3	12
1447965749579	1447965747217	4	11
1447970695913	1447970693892	5	10
1447971764184	1447971762126	6	9
1447972218181	1447972216187	7	8
1447972931677	1447972930278	6	9
1447973314835	1447973313404	5	10
1447974139446	1447974137293	6	9
1447975011463	1447975009233	7	8
1447975058781	1447975056932	8	7
1447975637133	1447975635529	7	8
1447975946142	1447975943855	8	7
1447976246409	1447976244074	9	6
1447976944583	1447976942898	8	7
1447979130899	1447979128920	8	7
1447979416702	1447979413952	9	6
1447979802542	1447979799893	10	5
1447980281545	1447980279022	11	4
1447983238653	1447983237114	12	3
1447983842215	1447983840609	13	2
1447987180728	1447987179664	12	3
1447987892954	1447987862202	13	2
1447988825458	1447988815609	13	2
1447988843840	1447988842600	13	2
1447993242804	1447993239980	13	2
1447993276137	1447993274377	12	3
1447998095682	1447998094005	13	2
1448001894796	1448001891264	13	2
1448023335163	1448023333112	12	3
1448024749693	1448024748886	11	4
1448024854416	1448024853757	10	5
1448025825782	1448025824460	11	4
1448026479711	1448026478495	10	5
1448026826515	1448026818022	10	5
1448026842651	1448026841194	9	6
1448027390870	1448027390039	8	7
1448028462236	1448028460421	8	7
1448028469354	1448028468460	7	8
1448028738506	1448028737135	6	9
1448031459032	1448031457945	5	10
1448032347193	1448032344991	5	10
1448032353947	1448032352793	4	11
1448034118401	1448034109882	4	11
1448034150501	1448034149066	3	12
1448040594498	1448040593443	2	13
1448043010781	1448043009725	1	14
1448045837794	1448045824300	1	14
1448051480206	1448051477808	2	13
1448056379300	1448056377617	3	12
1448057148416	1448057146578	3	12
1448057157615	1448057156108	2	13
1448057923893	1448057922258	3	12
1448058750715	1448058748997	4	11
1448059140172	1448059131859	4	11
1448059154368	1448059152972	3	12
1448059263562	1448059261478	3	12
1448059280967	1448059279578	2	13
1448060431532	1448060429428	3	12
1448061661601	1448061659657	4	11
1448065436089	1448065433937	5	10
1448066208171	1448066205951	6	9
1448068652177	1448068651545	7	8
1448075724019	1448075722316	8	7
1448078365695	1448078346103	7	8
1448079087315	1448079085338	8	7
1448100470188	1448100468739	9	6
1448112540594	1448112540194	8	7
1448117844226	1448117842409	8	7
1448117880968	1448117880384	7	8
1448118470103	1448118468758	8	7
1448128888130	1448128886926	9	6
1448131709878	1448131708496	10	5
1448133551815	1448133551057	9	6
1448137176963	1448137175953	8	7
1448137653084	1448137651641	7	8
1448137982293	1448137980476	8	7
1448138356528	1448138355451	7	8
1448140109116	1448140108843	6	9
1448142860489	1448142859258	7	8
1448144285151	1448144284580	8	7
1448144442868	1448144441232	8	7
1448144453184	1448144452132	7	8
1448144818329	1448144817730	6	9
1448153623147	1448153621982	5	10
1448173158784	1448173158078	4	11
1448174744109	1448174741271	4	11
1448182502148	1448182500347	5	10
1448193380911	1448193379532	4	11
1448204654744	1448204652490	4	11
1448204665411	1448204663557	3	12
1448207219079	1448207217068	4	11
1448208768309	1448208765519	4	11
1448208772929	1448208771514	3	12
1448212154660	1448212152837	2	13
1448212733688	1448212732257	3	12
1448219742893	1448219741008	4	11
1448220124755	1448220123481	3	12
1448221011958	1448221010667	2	13
1448228450159	1448228448636	3	12
1448230652204	1448230651305	2	13
1448234410103	1448234401729	2	13
1448234430837	1448234429382	1	14
1448236820285	1448236805787	1	14
1448248376712	1448248374981	2	13
1448268614006	1448268611706	3	12
1448275815839	1448275814683	2	13
1448279326337	1448279323997	2	13
1448279338752	1448279337113	1	14
1448280940266	1448280925837	1	14
1448281854973	1448281853026	2	13
1448283680413	1448283671767	2	13
1448283697854	1448283696197	1	14
1448284489705	1448284475072	1	14
1448285831097	1448285817979	1	14
1448285863707	1448285862558	2	13
1448286297049	1448286295735	3	12
1448286978952	1448286978168	2	13
1448287355359	1448287348103	1	14
1448288019985	1448288006088	1	14
1448288188531	1448288175159	1	14
1448295183117	1448295181307	2	13
1448296329530	1448296286775	2	13
1448297184846	1448297183590	3	12
1448297283242	1448297281501	3	12
1448297304452	1448297303672	2	13
1448303454696	1448303453807	1	14
1448303752144	1448303751078	1	14
1448303807109	1448303805462	3	12
1448303832472	1448303830697	4	11
1448311973505	1448311972757	3	12
1448316777338	1448316776648	2	13
1448316874010	1448316872628	3	12
1448317065830	1448317064398	4	11
1448317468221	1448317466777	5	10
1448317580980	1448317579498	6	9
1448317966929	1448317965428	7	8
1448318238870	1448318237327	8	7
1448321069180	1448321067429	9	6
1448321228216	1448321227231	8	7
1448321400839	1448321399193	9	6
1448322951317	1448322950215	8	7
1448328291655	1448328290368	9	6
1448329838966	1448329838242	10	5
1448330637227	1448330635781	11	4
1448333053442	1448333052569	10	5
1448333468075	1448333457515	11	4
1448365699188	1448365697249	10	5
1448367620422	1448367618700	9	6
1448369495949	1448369494744	8	7
1448369858875	1448369858233	7	8
1448370848849	1448370848065	7	8
1448371386138	1448371384718	8	7
1448372246689	1448372245155	7	8
1448372613105	1448372611965	6	9
1448373091371	1448373090505	5	10
1448373122596	1448373121722	4	11
1448373814251	1448373813345	3	12
1448374132985	1448374131018	3	12
1448374176925	1448374176003	2	13
1448375284446	1448375270298	2	13
1448375305086	1448375303785	1	14
1448389013465	1448389011495	1	14
1448389059067	1448389042648	1	14
1448389603895	1448389587993	0	15
1448389775093	1448389755719	0	15
1448395532060	1448395530649	0	14
1448401825922	1448401824444	1	13
1448402242157	1448402241198	2	13
1448402313315	1448402311750	3	11
1448402390033	1448402388525	5	9
1448403583417	1448403582438	5	9
