LastComm	LastUpdate	N_Bikes	N_Empty
1447721488976	1447720285499	13	10
1447723151290	1447723149496	14	9
1447726322197	1447726320196	15	8
1447729121690	1447729119586	16	7
1447742609209	1447742605275	16	7
1447761296868	1447761277171	15	8
1447762154211	1447762153141	14	9
1447762189167	1447762187808	15	8
1447762281884	1447762280258	15	8
1447762285582	1447762284658	14	9
1447765202553	1447765201654	13	10
1447767162218	1447767160991	14	9
1447770552488	1447770551151	15	8
1447770652458	1447770651788	14	9
1447773894376	1447773893529	13	10
1447775914466	1447775913511	12	11
1447779391750	1447779375491	13	10
1447782553598	1447782553146	12	11
1447783844337	1447783843846	11	12
1447785926994	1447785926398	10	13
1447791691867	1447791690168	11	12
1447793367346	1447793365627	12	11
1447794540568	1447794539494	11	12
1447795954419	1447795952822	10	13
1447797960144	1447797958488	11	12
1447798565972	1447798564634	10	13
1447799537957	1447799536859	11	12
1447799927738	1447799926628	10	13
1447800074111	1447800072228	11	12
1447800566159	1447800564339	12	11
1447800827431	1447800825539	13	10
1447800986201	1447800984309	14	9
1447801262475	1447801260569	15	8
1447801553031	1447801551837	14	9
1447801795931	1447801793619	14	9
1447801801410	1447801800173	13	10
1447802593812	1447802546443	13	10
1447803039547	1447803038866	12	11
1447804899364	1447804898588	11	12
1447806596344	1447806595469	10	13
1447807031668	1447807030685	9	14
1447808149295	1447808147660	10	13
1447809695125	1447809693282	11	12
1447810043330	1447810041511	12	11
1447811579335	1447811578174	11	12
1447812183088	1447812181856	10	13
1447816173845	1447816172434	10	12
1447820101979	1447820100182	11	11
1447849037411	1447849036111	12	10
1447849260659	1447849260089	11	11
1447850765934	1447850764431	12	10
1447852116121	1447852114676	13	9
1447852575108	1447852574191	12	10
1447853827826	1447853826667	10	12
1447853995065	1447853994228	9	13
1447854891936	1447854891019	8	14
1447857317066	1447857315123	9	13
1447857795888	1447857794447	8	14
1447858276704	1447858274548	7	15
1447859809981	1447859808546	7	14
1447863369014	1447863367936	6	15
1447867538575	1447867537262	5	16
1447869545105	1447869543680	4	17
1447872211428	1447872209866	4	18
1447872286232	1447872284650	8	14
1447872348674	1447872346366	11	11
1447872383017	1447872381420	11	11
1447875788357	1447875787267	10	12
1447875870417	1447875869429	9	13
1447876598485	1447876596670	10	12
1447877071198	1447877069915	9	13
1447879527652	1447879525765	10	12
1447882195549	1447882164637	9	13
1447886343817	1447886342232	8	14
1447886875968	1447886873391	8	14
1447886879408	1447886877792	7	15
1447886960602	1447886958350	8	14
1447887772257	1447887769968	9	13
1447887864915	1447887862589	10	12
1447890642314	1447890641193	11	11
1447891345197	1447891344644	10	12
1447891804294	1447891803743	9	13
1447894567191	1447894566540	8	14
1447895390212	1447895389510	6	16
1447896359052	1447896358286	8	14
1447896439686	1447896438348	9	13
1447897127554	1447897125947	10	12
1447915466912	1447915462923	10	12
1447933850459	1447933850098	9	13
1447934772266	1447934771856	8	14
1447936512492	1447936511971	7	15
1447937323668	1447937322476	8	14
1447937381678	1447937380471	10	12
1447937428633	1447937427436	12	10
1447937515233	1447937514000	15	7
1447937651580	1447937650385	16	6
1447938061486	1447938060891	15	7
1447938588477	1447938587853	14	8
1447938745796	1447938745157	13	9
1447939844119	1447939843413	12	10
1447940059279	1447940057946	13	9
1447940281736	1447940280720	12	10
1447941865522	1447941864077	13	9
1447943421766	1447943394456	14	8
1447944169101	1447944168166	14	8
1447944692187	1447944691172	13	9
1447946098914	1447946097850	12	10
1447947863852	1447947862793	11	11
1447960260410	1447960258655	10	12
1447963643338	1447963642253	9	13
1447964516139	1447964515117	9	12
1447967075038	1447967073232	10	11
1447967227422	1447967226263	9	12
1447968543920	1447968542117	10	11
1447969474564	1447969473326	9	12
1447972492430	1447972491023	8	13
1447973249947	1447973248491	7	14
1447973487077	1447973485604	6	15
1447973629904	1447973628361	6	14
1447975257706	1447975255457	7	13
1447975327904	1447975325570	8	12
1447975625845	1447975623944	6	13
1447975642356	1447975640017	7	12
1447976183349	1447976180777	7	12
1447976186813	1447976185196	6	13
1447979124795	1447979124225	5	14
1447983172043	1447983170951	4	15
1447985615898	1447985614157	5	14
1447997960961	1447997959809	4	15
1448001369605	1448001367561	5	14
1448021592633	1448021591601	4	15
1448024572194	1448024571002	3	16
1448024843151	1448024841940	2	17
1448025730996	1448025729729	1	18
1448026110447	1448026109173	0	19
1448028646260	1448028644162	1	18
1448029982811	1448029980192	1	18
1448030034899	1448029985831	0	19
1448044074107	1448044073170	2	19
1448044138960	1448044137949	4	19
1448044192617	1448044190977	7	16
1448044236043	1448044235072	11	12
1448044935097	1448044933517	11	12
1448044938940	1448044937911	10	13
1448051671709	1448051669913	11	12
1448051840406	1448051839149	10	13
1448053655081	1448053653841	9	14
1448054450978	1448054448968	8	15
1448056819572	1448056818091	7	16
1448057350774	1448057348713	8	15
1448058424312	1448058422193	9	14
1448059232806	1448059230943	10	13
1448059617495	1448059615923	9	14
1448059663783	1448059662218	8	15
1448061480271	1448061478131	7	16
1448061777543	1448061775147	8	15
1448063905551	1448063904658	9	14
1448063997189	1448063996357	10	13
1448064495383	1448064495225	9	14
1448065194644	1448065194451	8	15
1448065508807	1448065508594	7	16
1448065936715	1448065935876	8	15
1448068323258	1448068322593	7	16
1448072895201	1448072894124	6	17
1448075220078	1448075219017	7	16
1448086064329	1448086062548	8	15
1448088325323	1448088320914	8	15
1448096715841	1448096714285	9	14
1448111711801	1448111710578	8	15
1448113760351	1448113759019	7	16
1448120201355	1448120199667	6	17
1448126552981	1448126551038	7	16
1448126668883	1448126667117	9	14
1448126733315	1448126731402	10	13
1448126810179	1448126808340	11	12
1448126879774	1448126877943	12	11
1448126984974	1448126983197	13	10
1448127078007	1448127076153	14	9
1448130650360	1448130648999	13	10
1448130693664	1448130691690	14	9
1448130795972	1448130794615	13	10
1448131079829	1448131078453	12	11
1448131385241	1448131382699	12	11
1448131392633	1448131391234	11	12
1448133110304	1448133108816	10	13
1448137573045	1448137572571	9	14
1448140010140	1448140009531	8	15
1448144644095	1448144642586	9	14
1448148586398	1448148585311	8	15
1448150433689	1448150433178	7	16
1448150436904	1448150436654	6	17
1448153156806	1448153155857	7	16
1448171186304	1448171184127	8	15
1448194169337	1448194168074	9	14
1448203125735	1448203124682	8	15
1448203661234	1448203660167	7	16
1448212035582	1448212033280	7	16
1448212040201	1448212039431	6	17
1448214247464	1448214246460	5	18
1448217936751	1448217935029	6	17
1448218008135	1448218007051	5	18
1448223321896	1448223321499	5	17
1448224287372	1448224286903	4	18
1448227595502	1448227594236	5	17
1448229544505	1448229543765	4	18
1448230874251	1448230872820	5	17
1448234463941	1448234462934	4	18
1448240683403	1448240682158	5	17
1448244593976	1448244593218	4	18
1448261171755	1448261168020	4	18
1448268426734	1448268425453	3	19
1448282336720	1448282335116	4	18
1448282402404	1448282400730	7	15
1448282473912	1448282472286	10	12
1448282531928	1448282530290	12	10
1448282586229	1448282585210	14	8
1448282636618	1448282634941	16	6
1448284012516	1448284011263	15	7
1448284399358	1448284397197	15	7
1448284442152	1448284441038	15	7
1448284477959	1448284476855	14	8
1448285175073	1448285173935	13	9
1448285207920	1448285206765	12	10
1448285974289	1448285972147	13	9
1448286011334	1448285983722	12	10
1448287176869	1448287174926	13	9
1448287971650	1448287969667	13	9
1448288906377	1448288905017	12	10
1448289249695	1448289248329	11	11
1448292650656	1448292649105	10	12
1448293651556	1448293649943	9	13
1448297487745	1448297487308	8	14
1448299855337	1448299854319	9	13
1448302520748	1448302519379	10	12
1448303027441	1448303026787	9	13
1448304580393	1448304579063	11	11
1448304640654	1448304639300	13	9
1448304708331	1448304672833	14	8
1448307402161	1448307401285	13	9
1448311910593	1448311910163	12	10
1448312147588	1448312146418	13	9
1448315466573	1448315465277	14	8
1448316996795	1448316995439	15	7
1448318006766	1448318006015	14	8
1448319582299	1448319580724	15	7
1448319929000	1448319928109	14	8
1448321170789	1448321169868	13	9
1448322108879	1448322107907	12	10
1448323822013	1448323796585	11	11
1448324173312	1448324171568	12	10
1448326864832	1448326862977	13	9
1448331251748	1448331249607	14	8
1448364959476	1448364958116	13	9
1448367300196	1448367298426	13	9
1448367303451	1448367303265	12	10
1448370821002	1448370820615	11	11
1448370967371	1448370966591	10	12
1448372315088	1448372314623	9	13
1448374652557	1448374651974	8	14
1448375945722	1448375945073	7	15
1448378289799	1448378289023	6	16
1448386109750	1448386108377	5	17
1448386562091	1448386561325	4	18
1448388939736	1448388938163	5	17
1448396414418	1448396412776	6	16
1448399364617	1448399363536	5	17
1448402916032	1448402914744	4	18
1448403356239	1448403338957	3	19
1448404085995	1448404083729	3	19
1448404089605	1448404088169	2	20
1448405839209	1448405837715	1	21
1448406248263	1448406246099	2	20
