LastComm	LastUpdate	N_Bikes	N_Empty
1447721997613	1447718067737	15	0
1447722560982	1447722559090	14	1
1447724374786	1447724372216	15	0
1447762124842	1447762123735	14	1
1447765060128	1447765058805	15	0
1447765083208	1447765081890	14	1
1447765133869	1447765132551	13	2
1447765350460	1447765349131	12	3
1447767655288	1447767653511	11	4
1447768144377	1447768142396	10	5
1447768199947	1447768167371	8	7
1447768390893	1447768389030	7	8
1447768438582	1447768436691	6	9
1447768706281	1447768704161	5	10
1447769287574	1447769285556	4	11
1447770198591	1447770196901	3	12
1447770363539	1447770361802	2	13
1447770800450	1447770798691	1	14
1447771553549	1447771551095	0	15
1447774015730	1447774014768	2	13
1447774067460	1447774066012	5	10
1447774087805	1447774086272	6	9
1447775010500	1447775009412	5	10
1447778304567	1447778302913	4	11
1447780638268	1447780636227	5	10
1447782094757	1447782093198	7	8
1447782406250	1447782404178	8	7
1447785178746	1447785176347	9	6
1447786962560	1447786961232	8	7
1447788468740	1447788467422	7	8
1447788956484	1447788955148	6	9
1447790300094	1447790297268	6	9
1447790303486	1447790302012	5	10
1447792236318	1447792234166	6	9
1447792385214	1447792383057	7	8
1447793407692	1447793405406	8	7
1447793567106	1447793564107	8	7
1447793572992	1447793571323	7	8
1447794903467	1447794901122	8	7
1447795531434	1447795528996	9	6
1447796294448	1447796292027	10	5
1447797212008	1447797209457	11	4
1447798607623	1447798604817	12	3
1447799393896	1447799391227	13	2
1447800568733	1447800565857	14	1
1447800724921	1447800722661	13	2
1447802159952	1447802157899	13	2
1447802164918	1447802164148	12	3
1447802631594	1447802630341	13	2
1447803242475	1447803241018	14	1
1447803718930	1447803717418	15	0
1447807597714	1447807596313	14	1
1447808059968	1447808058308	15	0
1447815345586	1447815344373	14	1
1447826555300	1447826552967	15	0
1447829038680	1447829034366	15	0
1447843816183	1447843813963	14	1
1447848756139	1447848753367	14	1
1447848760517	1447848759232	13	2
1447850684666	1447850683253	12	3
1447851297916	1447851295268	12	3
1447851314586	1447851313113	11	4
1447851657728	1447851656227	10	5
1447851774748	1447851773207	11	4
1447852507180	1447852504938	12	3
1447854181396	1447854179501	11	4
1447854323612	1447854320789	10	5
1447854381613	1447854379932	8	7
1447854660442	1447854658207	8	7
1447854739489	1447854737107	9	6
1447855000944	1447854998704	8	7
1447855364770	1447855362497	9	6
1447855522860	1447855520497	10	5
1447856061603	1447856059802	9	6
1447856456816	1447856454933	8	7
1447858139437	1447858137437	7	8
1447859336337	1447859335335	6	9
1447859462861	1447859462326	5	10
1447861141798	1447861140599	6	9
1447861505337	1447861504176	5	10
1447863857312	1447863855930	4	11
1447865132987	1447865131457	5	10
1447865276618	1447865275177	6	9
1447865914230	1447865902242	7	8
1447866666978	1447866665860	8	7
1447866772145	1447866770409	9	6
1447867437357	1447867436228	8	7
1447868187472	1447868185750	7	8
1447869302656	1447869301433	6	9
1447873675440	1447873674053	7	8
1447874615792	1447874614453	8	7
1447874989739	1447874989252	7	8
1447876596740	1447876596057	6	9
1447877091471	1447877090106	7	8
1447877237559	1447877236859	6	9
1447878568352	1447878566912	7	8
1447879439242	1447879438104	6	9
1447879777111	1447879775338	8	7
1447880397126	1447880396228	7	8
1447882194209	1447882192538	8	7
1447885085175	1447885083267	9	6
1447885161863	1447885160032	10	5
1447885644122	1447885642829	10	5
1447888341377	1447888339729	11	4
1447889933421	1447889931728	12	3
1447890976780	1447890975715	11	4
1447891231006	1447891229299	12	3
1447891439775	1447891438669	13	2
1447893291165	1447893289338	14	1
1447894014956	1447894012998	15	0
1447894757694	1447894756358	14	1
1447895258374	1447895256290	15	0
1447896788729	1447896787245	14	1
1447899112294	1447899109947	15	0
1447938928844	1447938927152	14	1
1447939392026	1447939390716	13	2
1447939426368	1447939425345	12	3
1447940153589	1447940152529	11	4
1447940286194	1447940285116	10	5
1447941026715	1447941025552	9	6
1447941163005	1447941161829	8	7
1447941242290	1447941241107	7	8
1447941300850	1447941299552	6	9
1447941473082	1447941471279	7	8
1447941851585	1447941849668	8	7
1447942034703	1447942033405	7	8
1447942144684	1447942143476	6	9
1447944216644	1447944215275	5	10
1447944812825	1447944811414	4	11
1447945560270	1447945558072	3	12
1447946797895	1447946796920	2	13
1447947970325	1447947960957	3	12
1447947993028	1447947992041	2	13
1447948255094	1447948253349	3	12
1447949336093	1447949335003	2	13
1447954994987	1447954993172	1	14
1447961747968	1447961747484	0	15
1447962159249	1447962158024	1	14
1447962322356	1447962321266	2	13
1447963625914	1447963617597	3	12
1447965543668	1447965542246	4	11
1447966273453	1447966272532	3	12
1447968944529	1447968943117	4	11
1447969638715	1447969637046	5	10
1447969943399	1447969941761	6	9
1447971179659	1447971177826	7	8
1447971452371	1447971450487	8	7
1447971699188	1447971697607	8	7
1447971875349	1447971874149	7	8
1447971907923	1447971905897	8	7
1447972484496	1447972482587	9	6
1447973074246	1447973072955	8	7
1447973111819	1447973110389	8	6
1447973661419	1447973659317	9	5
1447973728829	1447973726886	10	4
1447973906816	1447973905176	11	3
1447974320647	1447974319262	10	4
1447974539980	1447974537877	11	3
1447974711700	1447974710259	12	2
1447975555727	1447975554240	13	1
1447975727807	1447975726360	14	0
1447978974950	1447978973803	13	1
1447980768429	1447980766589	14	0
1447981808991	1447981806730	14	0
1447981812240	1447981810946	13	1
1447983184748	1447983183086	12	2
1447985667858	1447985665530	13	1
1447986628013	1447986625639	14	0
1447988570140	1447988568379	13	1
1448001894818	1448001890677	13	1
1448012594830	1448012592997	14	0
1448019695535	1448019694401	13	1
1448021099400	1448021098202	12	2
1448024116089	1448024113917	13	1
1448024656931	1448024654848	14	0
1448025976244	1448025973239	14	0
1448025982819	1448025981275	13	1
1448026967037	1448026965414	12	2
1448027668919	1448027667232	10	4
1448027927278	1448027925574	9	5
1448028052518	1448028050813	8	6
1448029896635	1448029894812	7	7
1448029959979	1448029957467	8	6
1448033896447	1448033895313	7	7
1448033997787	1448033996423	6	8
1448035334279	1448035332439	7	7
1448037027407	1448037025358	8	6
1448037683947	1448037681748	9	5
1448037840880	1448037839482	8	6
1448040781759	1448040780175	7	7
1448040852023	1448040849813	8	6
1448048290548	1448048289217	9	5
1448051103006	1448051101739	8	6
1448051151134	1448051149734	5	9
1448051195345	1448051193900	3	11
1448051234715	1448051233256	4	10
1448052425035	1448052423617	5	9
1448055757616	1448055755836	5	9
1448056206361	1448056204615	6	8
1448058094227	1448058092396	7	7
1448058354901	1448058353106	8	6
1448058472888	1448058470657	8	6
1448058515878	1448058514007	8	6
1448059376008	1448059366929	8	6
1448059398195	1448059396910	7	7
1448059499338	1448059497378	8	6
1448060108889	1448060107257	10	4
1448060521651	1448060519487	11	3
1448062616278	1448062615257	12	2
1448063132031	1448063124079	12	2
1448063148959	1448063148681	11	3
1448063363294	1448063362329	12	2
1448064134723	1448064133727	13	1
1448065369620	1448065369190	12	2
1448072006983	1448072006097	11	3
1448073444793	1448073442166	10	4
1448073612282	1448073610936	12	2
1448074908411	1448074906616	13	1
1448075260629	1448075259507	12	2
1448087995400	1448087993716	13	1
1448110202417	1448110200457	14	0
1448111195770	1448111194373	13	1
1448115115334	1448115112774	12	2
1448115767288	1448115765104	11	3
1448116057348	1448116055607	10	4
1448119232737	1448119230771	9	5
1448121440585	1448121438609	10	4
1448129603429	1448129601546	9	5
1448136527016	1448136526596	9	6
1448136585154	1448136584047	10	5
1448139744883	1448139744233	9	6
1448143197394	1448143195858	8	7
1448144549621	1448144548632	7	8
1448145701308	1448145699953	6	9
1448146231176	1448146229288	7	8
1448146544743	1448146543623	6	9
1448148193425	1448148138747	7	8
1448148492400	1448148491521	7	8
1448151626295	1448151624845	8	7
1448153299345	1448153298455	7	8
1448154633970	1448154632384	8	7
1448165893798	1448165892607	9	6
1448168905530	1448168904147	8	7
1448186115973	1448186113881	9	6
1448203170745	1448203131680	10	5
1448203293505	1448203284086	10	5
1448203444175	1448203444628	10	5
1448203665073	1448203665548	9	6
1448208548018	1448208548140	8	7
1448214505872	1448214505287	7	8
1448218125441	1448218125202	6	9
1448219379945	1448219379606	5	10
1448222049567	1448222048381	6	9
1448225617406	1448225615889	7	8
1448227561579	1448227560656	6	9
1448229348149	1448229347106	5	10
1448229809967	1448229808234	7	8
1448229862698	1448229861015	9	6
1448229911074	1448229909324	11	4
1448230124420	1448230122748	12	3
1448237482979	1448237482040	11	4
1448237952836	1448237951272	12	3
1448238419548	1448238417961	13	2
1448244952530	1448244950472	14	1
1448265470256	1448265468667	15	0
1448280451488	1448280449216	14	1
1448283248409	1448283247328	13	2
1448283695807	1448283694400	14	1
1448284883865	1448284882036	15	0
1448285630527	1448285629289	14	1
1448286450709	1448286449402	13	2
1448286634556	1448286633255	10	5
1448286869605	1448286867834	9	6
1448286934372	1448286933058	8	7
1448287377273	1448287375921	7	8
1448288016038	1448288014646	6	9
1448289235030	1448289233261	5	10
1448289291705	1448289290187	4	11
1448290075868	1448290074342	3	12
1448292422115	1448292421017	4	11
1448294390654	1448294389326	5	10
1448294563974	1448294562647	6	9
1448295184057	1448295182687	7	8
1448295276224	1448295274806	9	6
1448297094678	1448297093842	8	7
1448297413339	1448297411722	7	8
1448297693574	1448297692046	8	7
1448300207199	1448300204809	7	8
1448300880785	1448300879543	6	9
1448302255859	1448302253919	7	8
1448303853934	1448303851882	8	7
1448303906511	1448303904862	7	8
1448306733154	1448306731724	8	7
1448308508926	1448308507324	9	6
1448310397708	1448310396015	10	5
1448310755924	1448310754105	11	4
1448310766167	1448310764635	12	3
1448313243230	1448313241285	12	3
1448313246666	1448313245414	11	4
1448314369155	1448314367157	12	3
1448314779251	1448314777254	13	2
1448315834725	1448315832508	14	1
1448316036277	1448316034174	15	0
1448316195251	1448316193755	14	1
1448316784489	1448316782205	15	0
1448321661974	1448321660652	14	1
1448323798674	1448323797206	15	0
1448327200540	1448327198834	14	1
1448328096271	1448328094456	15	0
1448330603346	1448330602071	14	1
1448335375897	1448335374565	15	0
1448347597845	1448347593911	15	0
1448366559660	1448366558989	14	1
1448366963356	1448366962661	13	2
1448369803528	1448369801925	14	1
1448371050376	1448371048655	15	0
1448371622461	1448371621427	14	1
1448372480635	1448372479140	13	2
1448372743853	1448372741607	13	2
1448372773607	1448372772207	11	4
1448373043678	1448373042246	10	5
1448373107090	1448373104947	10	5
1448373162058	1448373142437	7	8
1448373771472	1448373769388	7	8
1448373800786	1448373799596	6	9
1448374251933	1448374250412	4	11
1448375774778	1448375772779	3	12
1448380967335	1448380965473	4	11
1448384096215	1448384094019	5	10
1448386406884	1448386404634	4	11
1448387046556	1448387044910	3	12
1448387581083	1448387578736	4	11
1448388858119	1448388855666	5	10
1448391707724	1448391706798	6	9
1448392271865	1448392271564	5	10
1448393065243	1448393064903	4	11
1448393454367	1448393453347	5	10
1448394387488	1448394386436	6	9
1448397821553	1448397820167	7	8
1448400589746	1448400588112	8	7
1448401187165	1448401185576	9	6
1448401492331	1448401491381	8	7
1448403592735	1448403591066	9	6
1448404257544	1448404255796	10	5
1448404302641	1448404300797	11	4
1448404531979	1448404530098	12	3
1448405325850	1448405324632	11	4
