LastComm	LastUpdate	N_Bikes	N_Empty
1447721925251	1447718276735	10	5
1447724701717	1447724700690	11	4
1447725349714	1447725348559	12	3
1447725868131	1447725867593	11	4
1447726044006	1447726042878	12	3
1447728537120	1447728536436	11	4
1447728708155	1447728706679	12	3
1447730485936	1447730485158	11	4
1447734707369	1447734705708	12	3
1447737370079	1447737369864	11	4
1447742607505	1447742604668	11	4
1447759264083	1447759262701	12	3
1447765355549	1447765336994	11	4
1447765497884	1447765496688	12	3
1447765707309	1447765706744	11	4
1447765820515	1447765819328	12	3
1447768058064	1447768057117	11	4
1447768454596	1447768452769	11	4
1447768459928	1447768459214	10	5
1447769110276	1447769109482	9	6
1447769152194	1447769143819	9	6
1447769205520	1447769204454	8	7
1447770512057	1447770510179	8	7
1447770555028	1447770553964	7	8
1447771238894	1447771236768	7	8
1447771241825	1447771240873	6	9
1447776195080	1447776192968	7	8
1447778714198	1447778711609	8	7
1447781763629	1447781667815	8	7
1447782852502	1447782851920	9	6
1447782886264	1447782885667	10	5
1447785703669	1447785702858	11	4
1447785961847	1447785961719	10	5
1447786238143	1447786237304	11	4
1447786359625	1447786359525	10	5
1447787772152	1447787771954	9	6
1447788298591	1447788297729	10	5
1447790176696	1447790175291	10	5
1447790179768	1447790179385	9	6
1447790625465	1447790624348	10	5
1447790901097	1447790899950	11	4
1447791201471	1447791200961	10	5
1447794303621	1447794302456	10	4
1447795043575	1447795042188	11	3
1447795890590	1447795889760	10	4
1447796860325	1447796858154	9	5
1447796987230	1447796986267	9	5
1447798157954	1447798156290	10	4
1447799796480	1447799794681	11	3
1447804092208	1447804090030	12	2
1447806016425	1447806014728	11	3
1447807468791	1447807467167	10	4
1447808325228	1447808323187	11	3
1447808531134	1447808529436	10	4
1447812936737	1447812935461	11	3
1447813218032	1447813217576	10	4
1447822670971	1447822669903	9	5
1447822684756	1447822682952	8	6
1447844154883	1447844153406	9	5
1447853094418	1447853092296	10	4
1447853895293	1447853893845	9	5
1447854197622	1447854196110	10	4
1447854642597	1447854641778	9	5
1447855351662	1447855350786	8	6
1447857060740	1447857059445	7	7
1447858314933	1447858312760	7	7
1447858318344	1447858317270	6	8
1447858601817	1447858600684	5	9
1447862313126	1447862311119	6	8
1447862388914	1447862386719	7	7
1447863082232	1447863080130	8	6
1447863704819	1447863702540	9	5
1447865159602	1447865157309	10	4
1447867829568	1447867827189	11	3
1447868519211	1447868516769	12	2
1447868833258	1447868832019	13	1
1447869224987	1447869223748	14	0
1447870253226	1447870252608	13	1
1447873554791	1447873552998	14	0
1447873613266	1447873612474	13	1
1447873839864	1447873839017	12	2
1447876126139	1447876124409	13	1
1447877703919	1447877702058	14	0
1447879052825	1447879051620	13	1
1447882473000	1447882471570	12	2
1447882849584	1447882847529	13	1
1447883225728	1447883224925	12	2
1447884218841	1447884217226	13	1
1447885001559	1447885000349	13	1
1447885007072	1447885005833	12	2
1447887480476	1447887479375	11	3
1447888170654	1447888169515	10	4
1447889623630	1447889621687	11	3
1447890512209	1447890510143	12	2
1447890788682	1447890786561	13	1
1447890859059	1447890857057	14	0
1447898997227	1447898996815	13	1
1447900819973	1447900818717	14	0
1447915465153	1447915462285	14	0
1447931685830	1447931684575	13	1
1447936921371	1447936919106	14	0
1447938554463	1447938552134	13	1
1447938618858	1447938616349	12	2
1447938688092	1447938685721	11	3
1447938758160	1447938755826	10	4
1447938828623	1447938826170	9	5
1447938902090	1447938899602	8	6
1447939605277	1447939603492	7	7
1447940595741	1447940593902	6	8
1447940826704	1447940824847	5	9
1447941725352	1447941723889	4	10
1447942372639	1447942371475	3	11
1447942594615	1447942560897	3	11
1447942612871	1447942611706	2	12
1447943056676	1447943055468	1	13
1447943215654	1447943213835	2	12
1447943680008	1447943678522	1	13
1447944936980	1447944934926	2	12
1447949148983	1447949146646	3	11
1447950877161	1447950874750	4	10
1447954557734	1447954555075	5	9
1447957047175	1447957046310	3	11
1447957802635	1447957801030	4	10
1447959945136	1447959942617	3	11
1447960691959	1447960689886	3	11
1447960700799	1447960699699	2	12
1447962214418	1447962212504	3	11
1447962323135	1447962321902	4	10
1447965164378	1447965161957	4	10
1447965174630	1447965172983	3	11
1447968868413	1447968866095	4	10
1447968965546	1447968963877	3	11
1447969370187	1447969367609	2	12
1447970977418	1447970975943	2	12
1447970981306	1447970980889	1	13
1447971098060	1447971097399	3	11
1447972613203	1447972610871	4	10
1447973101243	1447973100682	5	9
1447973366193	1447973364955	6	8
1447974405536	1447974404598	5	9
1447979434273	1447979432950	6	8
1447981546258	1447981544810	7	7
1447982322741	1447982321235	8	6
1447983483358	1447983481650	9	5
1447983911209	1447983909406	8	6
1447984145272	1447984143672	9	5
1447985475148	1447985473936	8	6
1448021961843	1448021959934	9	5
1448025896504	1448025894381	8	6
1448028473796	1448028473033	7	7
1448028854103	1448028853300	6	8
1448029034943	1448029034125	7	7
1448032006230	1448032005213	6	8
1448036548468	1448036547170	5	9
1448039411888	1448039410386	6	8
1448042643117	1448042642156	5	9
1448045321806	1448045320628	6	8
1448045819600	1448045818359	7	7
1448046144663	1448046143349	5	9
1448046869840	1448046868569	4	10
1448047205022	1448047203593	3	11
1448053034910	1448053033306	4	10
1448054268917	1448054267178	5	9
1448054743294	1448054741515	4	10
1448055242055	1448055240237	3	11
1448057107079	1448057105994	2	12
1448058854774	1448058853519	3	11
1448064910064	1448064908452	4	10
1448065504004	1448065502387	5	9
1448065776173	1448065774439	6	8
1448069463140	1448069461256	7	7
1448072829539	1448072828488	6	8
1448077145762	1448077144439	7	7
1448088322600	1448088319290	7	7
1448110043509	1448110042536	6	8
1448112665318	1448112664179	7	7
1448120971685	1448120970170	6	8
1448122283256	1448122281589	7	7
1448129073743	1448129071659	8	6
1448134065552	1448134064653	9	5
1448135133187	1448135131498	9	5
1448135146788	1448135145810	8	6
1448136920191	1448136919162	7	7
1448140421602	1448140420328	8	6
1448149415401	1448149413944	7	7
1448150765441	1448150763846	8	6
1448150857728	1448150813907	9	5
1448152019616	1448152017986	10	4
1448201895522	1448201894511	11	3
1448209173644	1448209172295	11	4
1448212012886	1448212011281	10	5
1448212584179	1448212582522	11	4
1448223602392	1448223600512	10	5
1448228267008	1448228264937	11	4
1448228654359	1448228652283	10	5
1448234243351	1448234242143	9	6
1448235067913	1448235066795	8	7
1448235296832	1448235295587	9	6
1448236461058	1448236459866	10	5
1448236757231	1448236755946	11	4
1448237016483	1448237015273	10	5
1448238422021	1448238420713	9	6
1448239222695	1448239221371	8	7
1448247110108	1448247109047	9	6
1448248303379	1448248302267	10	5
1448248377203	1448248376057	11	4
1448261168968	1448261165335	11	4
1448277087601	1448277084460	11	4
1448277096412	1448277095206	10	5
1448283181240	1448283179637	11	4
1448283853127	1448283851551	10	5
1448284912240	1448284910589	11	4
1448285694835	1448285693147	10	5
1448286096929	1448286094509	10	5
1448286106004	1448286104284	9	6
1448286730521	1448286728803	8	7
1448287274050	1448287272194	7	8
1448287366067	1448287363624	7	8
1448287374553	1448287372773	6	9
1448287671571	1448287669794	5	10
1448287707115	1448287705289	4	11
1448289301017	1448289299250	4	11
1448289322962	1448289321590	3	12
1448290098210	1448290097202	2	13
1448291762682	1448291761562	3	12
1448292081402	1448292080228	4	11
1448301451807	1448301450084	3	12
1448303237517	1448303236373	2	13
1448303366568	1448303365675	1	14
1448303891544	1448303890591	2	13
1448305123384	1448305122362	1	14
1448312528480	1448312526927	2	13
1448313071632	1448313070068	3	12
1448313317956	1448313316387	4	11
1448314710724	1448314709035	3	12
1448316316301	1448316314555	2	13
1448316610522	1448316608737	3	12
1448317956258	1448317954848	3	12
1448317959198	1448317958485	2	13
1448320644957	1448320644057	3	12
1448322873923	1448322872886	4	11
1448323085957	1448323084896	5	10
1448328683959	1448328682527	6	9
1448329683115	1448329681650	5	10
1448329694064	1448329692608	6	9
1448330384245	1448330382582	5	10
1448335121769	1448335120883	4	11
1448337716854	1448337715926	5	10
1448369504498	1448369502653	4	11
1448370818096	1448370816219	3	12
1448371382405	1448371380367	4	11
1448373181006	1448373179006	3	12
1448373845879	1448373843765	2	13
1448374551975	1448374542419	2	13
1448374567279	1448374565208	1	14
1448374768067	1448374765942	0	15
1448375573452	1448375572817	1	14
1448382968861	1448382967507	2	13
1448386174853	1448386173464	1	14
1448386514108	1448386512738	2	13
1448388759756	1448388758242	1	14
1448388805202	1448388803698	2	13
1448391028494	1448391027676	3	12
1448392970382	1448392969596	4	11
1448395102178	1448395101287	3	12
1448395912396	1448395910707	3	12
1448395917455	1448395916502	2	13
1448396460063	1448396459012	1	14
1448398320949	1448398319776	2	13
1448398645237	1448398644066	3	12
1448399122323	1448399121142	2	13
1448400025600	1448400024372	1	14
1448400316116	1448400314821	3	12
1448400747136	1448400745870	2	13
1448401118506	1448401117201	3	12
1448401162681	1448401161351	3	12
1448401241378	1448401240040	5	10
1448401285336	1448401284010	6	9
1448401330840	1448401329507	7	8
1448401381204	1448401379870	8	7
1448401432642	1448401431281	9	6
1448401540063	1448401538721	11	4
1448402146929	1448402145552	10	5
1448404757768	1448404757207	11	4
