LastComm	LastUpdate	N_Bikes	N_Empty
1447721994653	1447721660583	5	6
1447722892529	1447722889791	5	6
1447722908439	1447722906495	3	8
1447723226633	1447723224401	4	7
1447723701621	1447723699331	5	6
1447724082461	1447724079971	6	5
1447732362404	1447732360948	7	4
1447733683754	1447733682076	8	3
1447759492794	1447759492321	7	4
1447760146648	1447760146164	6	5
1447761891681	1447761891085	5	6
1447762641439	1447762640801	5	6
1447762793291	1447762792659	4	7
1447763002975	1447763000229	4	7
1447763032361	1447763031347	2	9
1447764274753	1447764260338	1	10
1447764306666	1447764292839	1	10
1447764384615	1447764383209	2	9
1447764615877	1447764614842	1	10
1447764764163	1447764762140	1	10
1447764791422	1447764778019	1	10
1447765119784	1447765118640	2	9
1447766606294	1447766605431	1	10
1447766707132	1447766705560	2	9
1447767321794	1447767320030	3	8
1447767486630	1447767446180	4	7
1447767843329	1447767824073	5	6
1447767902858	1447767874952	5	6
1447768449548	1447768430051	6	5
1447768634322	1447768632541	7	4
1447768696321	1447768685331	6	5
1447768754067	1447768725658	5	6
1447769238326	1447769193061	6	5
1447769262876	1447769261334	5	6
1447769409107	1447769407471	6	5
1447770675162	1447770674182	5	6
1447771660497	1447771658312	5	6
1447771664561	1447771663512	4	7
1447772258219	1447772256554	3	8
1447773303164	1447773302043	2	9
1447773846790	1447773844983	3	8
1447774027369	1447774026170	4	7
1447782180287	1447782174351	5	6
1447783193903	1447783192179	4	7
1447787977121	1447787976460	3	8
1447788672850	1447788671457	4	7
1447794041603	1447794039938	5	6
1447795983916	1447795982281	4	7
1447797914980	1447797913782	3	8
1447797960514	1447797958558	4	7
1447798285080	1447798272349	4	7
1447798291545	1447798291420	3	8
1447798400892	1447798400079	4	7
1447799048951	1447799036989	5	6
1447800189629	1447800188360	6	5
1447801481790	1447801480638	7	4
1447802505058	1447802503935	8	3
1447802536765	1447802535659	9	2
1447802716049	1447802715522	8	3
1447803493740	1447803493281	7	4
1447804048991	1447804047609	8	3
1447804615147	1447804613868	9	2
1447805687832	1447805687210	8	3
1447806427559	1447806426924	7	4
1447807349589	1447807348711	6	5
1447808953239	1447808952440	5	6
1447811400662	1447811398958	6	5
1447816448301	1447816446366	7	4
1447819211715	1447819209576	8	3
1447829038026	1447829035641	8	3
1447846154088	1447846152111	8	3
1447846159510	1447846158835	7	4
1447846699752	1447846698868	6	5
1447848544555	1447848543739	5	6
1447849033684	1447849032831	4	7
1447849421778	1447849419236	4	7
1447849435044	1447849433559	3	8
1447849882001	1447849880193	2	9
1447851051776	1447851050738	1	10
1447851537948	1447851527617	1	10
1447852018892	1447852016606	1	10
1447852063084	1447852049408	1	10
1447852719897	1447852706066	1	10
1447853292521	1447853278836	1	10
1447854142005	1447854139755	2	9
1447854312560	1447854311409	3	8
1447854580433	1447854579269	2	9
1447854797845	1447854796648	4	7
1447854812695	1447854811096	5	6
1447855134646	1447855132766	6	5
1447855280419	1447855265706	6	5
1447855313347	1447855311728	5	6
1447855427611	1447855426379	4	7
1447855533232	1447855531647	4	7
1447855555801	1447855554574	3	8
1447856257178	1447856254670	3	8
1447856261597	1447856260241	2	9
1447856321683	1447856319908	3	8
1447859855326	1447859854010	2	9
1447861886197	1447861884539	1	10
1447864572984	1447864570809	2	9
1447865175597	1447865173722	1	10
1447870108745	1447870093517	1	10
1447871324413	1447871321871	1	10
1447872475604	1447872474316	2	9
1447875341550	1447875340205	3	8
1447880253533	1447880251825	4	7
1447881627547	1447881626530	3	8
1447882393864	1447882391764	3	8
1447882404260	1447882401478	2	9
1447883883386	1447883882223	3	8
1447884015564	1447884013730	4	7
1447884446734	1447884445539	3	8
1447885473286	1447885471772	4	7
1447885558972	1447885558143	5	6
1447885844689	1447885844012	3	8
1447885893233	1447885892597	2	9
1447886732526	1447886731326	3	8
1447889829363	1447889828127	4	7
1447890412048	1447890411546	3	8
1447891653149	1447891652579	2	9
1447893796103	1447893794632	3	8
1447895291423	1447895289895	4	7
1447896209572	1447896208272	3	8
1447896823305	1447896821644	4	7
1447907308542	1447907307167	3	8
1447935660800	1447935659404	2	9
1447937006741	1447937004701	1	10
1447937805342	1447937790643	1	10
1447937906431	1447937904200	2	9
1447939167013	1447939165398	1	10
1447939449391	1447939435105	1	10
1447940142264	1447940139839	2	9
1447940617441	1447940614994	3	8
1447940846848	1447940837974	3	8
1447940884045	1447940882338	2	9
1447941230709	1447941228274	3	8
1447941391918	1447941383114	3	8
1447941405917	1447941404172	2	9
1447941718663	1447941716244	3	8
1447941847703	1447941845891	2	9
1447942232230	1447942230432	1	10
1447942662100	1447942659161	1	10
1447945470583	1447945458548	1	10
1447947380957	1447947375808	1	10
1447947401752	1447947389968	1	10
1447948493942	1447948481749	1	10
1447948935683	1447948935887	2	9
1447950102551	1447950102489	2	9
1447950105615	1447950106534	1	10
1447951009596	1447951003348	1	10
1447952398130	1447952397929	1	10
1447952464143	1447952464567	1	10
1447952495585	1447952484288	1	10
1447952554056	1447952541428	1	10
1447952626656	1447952614648	1	10
1447952955782	1447952955887	2	9
1447953919836	1447953919829	1	10
1447955132089	1447955131768	2	9
1447955335565	1447955336166	1	10
1447956084776	1447956084624	2	9
1447957260976	1447957260707	3	8
1447958333219	1447958331709	4	7
1447965590582	1447965588549	5	6
1447966014013	1447966012710	4	7
1447968668270	1447968666408	3	8
1447969093337	1447969091844	3	8
1447971499724	1447971497428	4	7
1447971723995	1447971721588	5	6
1447971966415	1447971964113	6	5
1447972174177	1447972172452	5	6
1447972802442	1447972801965	4	7
1447973270189	1447973269708	3	8
1447974484354	1447974480787	4	7
1447974580536	1447974579945	3	8
1447974664758	1447974663507	4	7
1447974780829	1447974780172	3	8
1447974793613	1447974792574	4	7
1447975103776	1447975102470	5	6
1447975999547	1447975998147	6	5
1447976908340	1447976907635	5	6
1447977228553	1447977227518	7	4
1447978799094	1447978798274	5	6
1447978947833	1447978946956	4	7
1447979324859	1447979314696	5	6
1447979438355	1447979424298	5	6
1447980157302	1447980155672	6	5
1447982468727	1447982467052	7	4
1447986376509	1447986374448	8	3
1447986563355	1447986561298	9	2
1447986810906	1447986808679	10	1
1447988688388	1447988687403	9	2
1447991600725	1447991599155	10	1
1448001894349	1448001892335	10	1
1448019460135	1448019458631	8	3
1448021285171	1448021284131	7	4
1448021542013	1448021540972	6	5
1448023571022	1448023569862	5	6
1448024477599	1448024475725	6	5
1448024945866	1448024943850	7	4
1448025299024	1448025297600	6	5
1448025412892	1448025411614	5	6
1448025797025	1448025794202	5	6
1448025801805	1448025800463	4	7
1448025885157	1448025883862	3	8
1448026005945	1448026003828	4	7
1448026493203	1448026491035	5	6
1448026670242	1448026668885	4	7
1448027533620	1448027531481	5	6
1448027779534	1448027777442	6	5
1448028072887	1448028071461	5	6
1448029023308	1448029021820	4	7
1448029696905	1448029694727	5	6
1448032798937	1448032798225	6	5
1448035070495	1448035069527	7	4
1448036869940	1448036869604	6	5
1448037214294	1448037213248	7	4
1448039387032	1448039386554	6	5
1448043609713	1448043608096	7	4
1448045224315	1448045224023	7	4
1448048349820	1448048348660	8	3
1448050827233	1448050826706	7	4
1448051990281	1448051988916	8	3
1448052304911	1448052298754	7	4
1448053322559	1448053321877	8	3
1448053696562	1448053695105	9	2
1448057716777	1448057715823	8	3
1448057836982	1448057835377	9	2
1448058979141	1448058977359	10	1
1448059498535	1448059496487	10	1
1448059562031	1448059509490	9	2
1448059606547	1448059605376	10	1
1448061080720	1448061079506	11	0
1448061197015	1448061196480	10	1
1448061364434	1448061363898	9	2
1448062046172	1448062044837	10	1
1448064852656	1448064851885	11	0
1448105945140	1448105944427	10	1
1448115110601	1448115109265	9	2
1448130863631	1448130861821	10	1
1448132047413	1448132047201	9	2
1448133374824	1448133374596	8	3
1448137109968	1448137108617	9	2
1448138755765	1448138755209	8	3
1448140461469	1448140460139	9	2
1448140467930	1448140467270	10	1
1448140884666	1448140883268	11	0
1448141893503	1448141892814	9	2
1448141958261	1448141957069	7	4
1448142019393	1448142018050	6	5
1448142996142	1448142994718	7	4
1448143789890	1448143789094	6	5
1448148700493	1448148699353	5	6
1448152198010	1448152196331	4	7
1448152862183	1448152860016	5	6
1448154473919	1448154471835	6	5
1448156645695	1448156644063	6	5
1448165349463	1448165347697	7	4
1448174743695	1448174739757	7	4
1448201901769	1448201900732	6	5
1448202041904	1448202040466	7	4
1448203165641	1448203164601	6	5
1448206029340	1448206027906	5	6
1448207039634	1448207038499	4	7
1448209394224	1448209392306	5	6
1448211410631	1448211409224	4	7
1448212020725	1448212018646	5	6
1448212537545	1448212535266	6	5
1448214264553	1448214262834	5	6
1448218681772	1448218679166	6	5
1448222357440	1448222356032	7	4
1448223787463	1448223785961	8	3
1448225047981	1448225045057	9	2
1448226467840	1448226466738	9	2
1448226600113	1448226597980	9	2
1448230520878	1448230518831	10	1
1448236097935	1448236097555	9	2
1448242997954	1448242996438	10	1
1448243315401	1448243314614	9	2
1448248464812	1448248463592	10	1
1448278396786	1448278395853	9	2
1448280634869	1448280633802	8	3
1448281306248	1448281304982	7	4
1448281649191	1448281647562	6	5
1448282707900	1448282706713	5	6
1448283240351	1448283239118	4	7
1448284143883	1448284142611	3	8
1448284277051	1448284275745	2	9
1448285518852	1448285517106	1	10
1448286096638	1448286094665	0	11
1448286559471	1448286557121	1	10
1448286665830	1448286662356	2	9
1448286746134	1448286744358	1	10
1448286794698	1448286792555	2	9
1448287091861	1448287090412	1	10
1448287214859	1448287213403	0	11
1448287576325	1448287574156	1	10
1448287957163	1448287955240	0	11
1448290415284	1448290412975	1	10
1448292108388	1448292107298	0	11
1448294467854	1448294465939	1	10
1448296830283	1448296827499	2	9
1448300278444	1448300276139	3	8
1448301372045	1448301370385	2	9
1448302703796	1448302701252	3	8
1448302873821	1448302872055	2	9
1448304011580	1448304009527	1	10
1448307073801	1448307072994	0	11
1448310019860	1448310013048	1	10
1448310346329	1448310344521	2	9
1448315338159	1448315336169	3	8
1448316198844	1448316196439	4	7
1448316207611	1448316205565	3	8
1448316971649	1448316969660	4	7
1448318243007	1448318241072	3	8
1448319103936	1448319102039	4	7
1448320186120	1448320184596	5	6
1448320579884	1448320578097	6	5
1448320706458	1448320705600	5	6
1448320907892	1448320906336	6	5
1448321088297	1448321085516	7	4
1448321844076	1448321843251	6	5
1448322305659	1448322303466	7	4
1448322345733	1448322344881	6	5
1448322782600	1448322780775	7	4
1448324000967	1448323999097	7	4
1448324063191	1448324062272	7	4
1448324067013	1448324066049	8	3
1448326984169	1448326982295	9	2
1448328643593	1448328641645	10	1
1448328869441	1448328868200	9	2
1448347597006	1448347593894	9	2
1448364454363	1448364453104	8	3
1448366874671	1448366866176	8	3
1448366915486	1448366914487	7	4
1448367602635	1448367600136	7	4
1448367651532	1448367649196	7	4
1448367995602	1448367994570	6	5
1448368344802	1448368343566	5	6
1448368863258	1448368862107	4	7
1448369688125	1448369686998	3	8
1448369925043	1448369923206	4	7
1448371081927	1448371080511	3	8
1448372558147	1448372556823	2	9
1448372970424	1448372968266	3	8
1448373046118	1448373018213	2	9
1448373066386	1448373064328	3	8
1448373171111	1448373168625	4	7
1448373328795	1448373327405	3	8
1448373633408	1448373631341	4	7
1448373777516	1448373775416	5	6
1448374909493	1448374907746	5	6
1448374922954	1448374921070	4	7
1448375403147	1448375401282	3	8
1448375457443	1448375455251	4	7
1448375934687	1448375933153	3	8
1448377426373	1448377424114	2	9
1448382782006	1448382780707	3	8
1448383105617	1448383103568	4	7
1448385446104	1448385443427	4	7
1448385469077	1448385466529	3	8
1448386975680	1448386974159	2	9
1448395916455	1448395914963	2	9
1448395925462	1448395923936	1	10
1448398030259	1448398027889	1	10
1448398090327	1448398081990	1	10
1448399063076	1448399053078	1	10
1448399104454	1448399089769	1	10
1448400697384	1448400695600	1	10
1448400725220	1448400710539	1	10
1448403721993	1448403719298	1	10
1448403766551	1448403749882	1	10
1448404569076	1448404565958	2	9
1448404613687	1448404612025	1	10
1448404871773	1448404868060	1	10
1448405145453	1448405142968	2	9
1448405320547	1448405318394	2	9
1448405963806	1448405961328	3	8
