LastComm	LastUpdate	N_Bikes	N_Empty
1447721756228	1447720147834	0	11
1447727870833	1447727868989	1	10
1447728090169	1447728088935	0	11
1447728669093	1447728667161	1	10
1447732668194	1447732666699	0	11
1447736315202	1447736311569	0	10
1447742607527	1447742604022	0	10
1447760287991	1447760285761	1	9
1447762631240	1447762629610	0	10
1447762870681	1447762868377	1	9
1447764794733	1447764794069	0	10
1447765412070	1447765410695	1	9
1447766810363	1447766809574	0	10
1447767899866	1447767898993	2	8
1447767958354	1447767957501	5	6
1447768019320	1447768018446	5	5
1447768289949	1447768289072	4	6
1447769124781	1447769123246	5	5
1447770199514	1447770172296	6	4
1447771091764	1447771090716	5	5
1447772201676	1447772199807	6	4
1447773291806	1447773281992	6	4
1447773331810	1447773330256	5	5
1447773526360	1447773525137	4	6
1447777032628	1447777031251	3	7
1447778043981	1447778043162	2	8
1447778368686	1447778367485	1	9
1447779626308	1447779624674	2	8
1447781402109	1447781400062	2	8
1447781414177	1447781412866	1	9
1447781936175	1447781934448	2	8
1447782128808	1447782126320	2	8
1447782447071	1447782445978	3	7
1447782679590	1447782651024	3	7
1447782779647	1447782778256	2	8
1447783033850	1447783031653	2	8
1447783040250	1447783038988	1	9
1447783815240	1447783814073	0	10
1447785689718	1447785687793	1	9
1447789204775	1447789202617	2	8
1447791808039	1447791806039	1	9
1447793301664	1447793299987	0	10
1447793856307	1447793853956	2	8
1447793914064	1447793911726	4	7
1447793931052	1447793928996	5	6
1447794730092	1447794727586	6	5
1447796860284	1447796858399	5	6
1447797764136	1447797762764	6	5
1447799101477	1447799100347	5	6
1447799295582	1447799294722	4	7
1447800044285	1447800042755	5	6
1447800386968	1447800385408	6	5
1447802076413	1447802075420	5	6
1447804959823	1447804958025	6	5
1447807162255	1447807160951	5	6
1447808587143	1447808585020	6	5
1447811914041	1447811913848	8	3
1447814913466	1447814913147	10	1
1447816817168	1447816816742	9	2
1447817239863	1447817239389	8	3
1447820043512	1447820042137	9	2
1447820625033	1447820624367	8	3
1447844113327	1447844112207	7	4
1447847084553	1447847082623	8	3
1447849543258	1447849541083	9	2
1447851235015	1447851232416	9	2
1447851237964	1447851236455	8	3
1447852744094	1447852742492	7	4
1447854321301	1447854318425	7	4
1447854324192	1447854322482	6	5
1447854443226	1447854441538	5	6
1447856256891	1447856256461	4	7
1447856739543	1447856737792	4	7
1447856744764	1447856744272	3	8
1447856936874	1447856934332	4	7
1447858171654	1447858170227	5	6
1447860008728	1447860007995	4	7
1447861763224	1447861761219	4	7
1447861766246	1447861765490	3	8
1447864243556	1447864241606	2	9
1447865334433	1447865331391	3	8
1447865481987	1447865480267	4	7
1447865982347	1447865981297	2	9
1447868493972	1447868492818	1	10
1447869261050	1447869259799	0	11
1447873823196	1447873821975	1	10
1447875798266	1447875796490	1	10
1447875808745	1447875806508	0	11
1447877284480	1447877282968	1	10
1447877358316	1447877356833	3	8
1447877397951	1447877396387	4	7
1447877451136	1447877449296	5	6
1447879147130	1447879145546	6	5
1447879264687	1447879263719	5	6
1447881238860	1447881237145	6	5
1447881979589	1447881977730	7	4
1447882407556	1447882406477	6	5
1447883214798	1447883213616	5	6
1447884052955	1447884051790	4	7
1447884719346	1447884718030	5	6
1447884940132	1447884939519	4	7
1447885898877	1447885897871	3	8
1447889808168	1447889807147	2	9
1447892711296	1447892710188	1	10
1447893219643	1447893218528	0	11
1447893767954	1447893766145	1	10
1447895250357	1447895249085	0	11
1447900123111	1447900121787	1	10
1447901419644	1447901418944	0	11
1447902054645	1447902053156	1	10
1447902245972	1447902244609	1	10
1447902574304	1447902572898	2	9
1447906974413	1447906973323	1	10
1447910525419	1447910523258	2	9
1447915465879	1447915462851	2	9
1447932227415	1447932226155	3	8
1447938319855	1447938318507	2	9
1447938736404	1447938733029	1	10
1447939141342	1447939139609	2	9
1447940098528	1447940097396	1	10
1447941087731	1447941086520	0	11
1447943315977	1447943314200	1	10
1447944108139	1447944106328	2	9
1447944357921	1447944356045	3	8
1447945419197	1447945417990	2	9
1447948857825	1447948855812	3	8
1447952613291	1447952611446	1	10
1447953447559	1447953445863	0	11
1447956731903	1447956729386	1	10
1447957202886	1447957201504	0	11
1447957301848	1447957300021	2	9
1447957332337	1447957331203	3	8
1447957420665	1447957418842	6	5
1447958314423	1447958313275	5	6
1447960533263	1447960531288	6	5
1447961862385	1447961860881	5	6
1447965568608	1447965566630	4	7
1447966294845	1447966293192	3	8
1447967273575	1447967271239	4	7
1447967648215	1447967645856	5	6
1447967698501	1447967696484	4	7
1447968507039	1447968505298	3	8
1447970394734	1447970392830	2	9
1447971009815	1447971007857	1	10
1447971291749	1447971289192	2	9
1447971907959	1447971906977	1	10
1447972972319	1447972970729	2	9
1447973516455	1447973515481	2	9
1447973650560	1447973648349	1	10
1447974548892	1447974546926	1	10
1447974559468	1447974557591	0	11
1447975082536	1447975081451	2	9
1447976033740	1447976032667	1	10
1447976544623	1447976542496	1	10
1447976547771	1447976546668	0	11
1447988985099	1447988983583	1	10
1447991101941	1447991101043	0	11
1447992650835	1447992649172	1	10
1448012700682	1448012698745	2	9
1448020055021	1448020054187	1	10
1448022848371	1448022847372	0	11
1448024388039	1448024386348	1	10
1448025076464	1448025075325	0	11
1448029990706	1448029988995	1	10
1448031026684	1448031024862	2	9
1448031227177	1448031225276	3	8
1448033181940	1448033179974	4	7
1448037625790	1448037623878	3	8
1448038270856	1448038268534	4	7
1448038709693	1448038708043	3	8
1448044906241	1448044905554	2	9
1448045017519	1448045016170	3	8
1448046374943	1448046373519	4	7
1448047998358	1448047996869	5	6
1448048049033	1448048048213	4	7
1448053303568	1448053301660	5	6
1448054812832	1448054805091	6	5
1448055091878	1448055089654	6	5
1448055095028	1448055093724	5	6
1448055228789	1448055227491	4	7
1448055926469	1448055925168	3	8
1448057569090	1448057566684	3	8
1448057572260	1448057570793	2	9
1448058070214	1448058067981	3	8
1448059541473	1448059540787	4	7
1448061373060	1448061371536	4	7
1448061389832	1448061389125	3	8
1448062322718	1448062321628	2	9
1448063165129	1448063164684	1	10
1448063480788	1448063479948	0	11
1448067068936	1448067067623	1	10
1448073978350	1448073977195	2	9
1448079169715	1448079168216	3	8
1448081982592	1448081981115	2	9
1448084746581	1448084745446	1	10
1448086695564	1448086693628	2	9
1448088324153	1448088321191	2	9
1448124147712	1448124146223	1	10
1448126608119	1448126604967	1	10
1448126611274	1448126609650	0	11
1448131916848	1448131915371	1	10
1448134117079	1448134116210	0	11
1448139138053	1448139136242	1	10
1448143602618	1448143600448	3	8
1448143650685	1448143648606	5	6
1448144006051	1448144003951	6	5
1448145080602	1448145078442	7	4
1448148862196	1448148861295	8	3
1448149082077	1448149081775	6	5
1448151823758	1448151822934	5	6
1448153085597	1448153085060	4	7
1448167907994	1448167906879	3	8
1448173772722	1448173770916	4	7
1448204301825	1448204300926	5	6
1448207558267	1448207557827	3	8
1448207882849	1448207881512	2	9
1448209021392	1448209020917	1	10
1448210335411	1448210334858	0	11
1448210835420	1448210834152	1	10
1448212873638	1448212872246	2	9
1448213160164	1448213159425	1	10
1448216134547	1448216133241	2	9
1448217537346	1448217535585	3	8
1448223926623	1448223924846	4	7
1448224874875	1448224853568	4	7
1448226427420	1448226426165	3	8
1448227880854	1448227879536	2	9
1448227997084	1448227995718	1	10
1448228813276	1448228811632	0	11
1448234040277	1448234037848	1	10
1448234652880	1448234650462	2	9
1448246766012	1448246765170	1	10
1448247161911	1448247161038	0	11
1448279025963	1448279024311	1	10
1448281856486	1448281854597	4	7
1448281927625	1448281925802	7	4
1448281958761	1448281956947	8	3
1448281990677	1448281988896	9	2
1448283235557	1448283235328	8	3
1448284464256	1448284463942	7	4
1448286221722	1448286221009	6	5
1448287756846	1448287755635	7	4
1448288269307	1448288268788	6	5
1448289211110	1448289209884	7	4
1448289272370	1448289271105	8	3
1448290664221	1448290662978	7	4
1448291394824	1448291393135	8	3
1448291660188	1448291659490	7	4
1448291952891	1448291951495	8	3
1448299592652	1448299592112	7	4
1448300330862	1448300329546	8	3
1448304021374	1448304020616	7	4
1448313177649	1448313175794	8	3
1448315216631	1448315215351	7	4
1448315498356	1448315496335	8	3
1448317313092	1448317311672	7	4
1448317837561	1448317835402	8	3
1448318705380	1448318703346	9	2
1448320029530	1448320027973	8	3
1448320882589	1448320880968	9	2
1448321401206	1448321398551	9	2
1448321416659	1448321414588	8	3
1448321824127	1448321821756	9	2
1448323034478	1448323031685	9	2
1448323047029	1448323044987	8	3
1448323879492	1448323877116	7	4
1448326902851	1448326902676	6	5
1448328461509	1448328459347	5	6
1448331925408	1448331924331	6	5
1448332322301	1448332321799	5	6
1448334461905	1448334461271	4	7
1448347597493	1448347594504	4	7
1448364737172	1448364734884	5	6
1448369370576	1448369368723	4	7
1448369515074	1448369513222	3	8
1448370502771	1448370502433	2	9
1448373526465	1448373525007	4	7
1448373586774	1448373585421	6	5
1448374954840	1448374953512	7	4
1448375050326	1448375049689	6	5
1448375440555	1448375439179	7	4
1448375541492	1448375539806	8	3
1448375614858	1448375614187	7	4
1448380793540	1448380791806	8	3
1448383441321	1448383440213	7	4
1448384058076	1448384055714	7	4
1448384066486	1448384065289	6	5
1448384660401	1448384658514	7	4
1448385076325	1448385075802	6	5
1448386773282	1448386772993	5	6
1448387729959	1448387723795	6	5
1448390350056	1448390348245	6	5
1448390952595	1448390950673	5	6
1448390956005	1448390955301	4	7
1448392449552	1448392448331	5	6
1448399652632	1448399652287	4	7
1448399700593	1448399699666	5	6
1448400211528	1448400211173	4	7
1448405055116	1448405054500	3	8
