LastComm	LastUpdate	N_Bikes	N_Empty
1447722005286	1447721191100	10	24
1447722627226	1447722626242	9	25
1447722875531	1447722874542	8	26
1447724317385	1447724315565	9	25
1447726937046	1447726935734	8	26
1447728456532	1447728408005	7	27
1447728520976	1447728518819	5	29
1447732727697	1447732725984	4	30
1447733178789	1447733177057	5	29
1447739760662	1447739759147	6	28
1447742609517	1447742603549	6	28
1447754912065	1447754910137	7	27
1447761301379	1447761299654	6	28
1447761392181	1447761390446	5	29
1447764083975	1447764082727	6	28
1447764448539	1447764447397	7	27
1447764490461	1447764490004	6	28
1447764831089	1447764829956	7	27
1447765121619	1447765120447	8	26
1447765663750	1447765663188	8	26
1447765895277	1447765893757	9	25
1447766051446	1447766050148	10	24
1447766610332	1447766609027	11	23
1447766746131	1447766745502	10	24
1447766793935	1447766792613	9	25
1447767139862	1447767139004	8	26
1447767382957	1447767382285	7	27
1447768260374	1447768259595	6	28
1447768447687	1447768446247	7	27
1447769052790	1447769044038	9	25
1447769219833	1447769217887	10	24
1447769609854	1447769608378	11	23
1447769819724	1447769818833	10	24
1447769919189	1447769918293	9	25
1447770707181	1447770705357	10	24
1447775063506	1447775062236	9	25
1447779051797	1447779050993	8	26
1447780950725	1447780949786	7	27
1447781777891	1447781776896	6	28
1447781879304	1447781878100	8	26
1447781944817	1447781943790	14	20
1447782001537	1447781999620	17	18
1447782068517	1447782066761	20	15
1447782271456	1447782269776	21	14
1447782371283	1447782370225	21	14
1447782686511	1447782685444	20	15
1447783401958	1447783399986	21	14
1447784169823	1447784167879	22	13
1447784285850	1447784284663	21	14
1447784758064	1447784756216	22	13
1447785843508	1447785842213	21	14
1447785954691	1447785952668	22	13
1447786011590	1447786010281	21	14
1447786243788	1447786241755	22	13
1447787390960	1447787389548	21	14
1447791692755	1447791691807	22	13
1447792296307	1447792295784	21	14
1447792986852	1447792986476	20	15
1447793438742	1447793438139	19	16
1447793517927	1447793517476	18	17
1447794529963	1447794528912	19	16
1447794713271	1447794712844	18	17
1447795069499	1447795069021	16	19
1447795443005	1447795441339	16	19
1447795467066	1447795466343	15	20
1447796044329	1447796043814	14	21
1447796071318	1447796070719	13	22
1447796345521	1447796343998	12	23
1447796396015	1447796395479	10	25
1447797140818	1447797139607	11	24
1447797310273	1447797309659	10	25
1447797376598	1447797368318	10	25
1447797391458	1447797390586	9	26
1447797697000	1447797696362	8	27
1447798703458	1447798702505	7	28
1447799785231	1447799783852	8	27
1447799880713	1447799879903	7	28
1447801470190	1447801469273	6	29
1447802571552	1447802570559	5	30
1447802660816	1447802659134	6	29
1447803207809	1447803206488	4	31
1447804308517	1447804306565	5	30
1447804462532	1447804460409	5	30
1447804467608	1447804466515	4	31
1447804926134	1447804925022	3	32
1447805491630	1447805490632	2	33
1447810410710	1447810409051	3	32
1447811510124	1447811509074	2	33
1447815325307	1447815323977	1	34
1447817050301	1447817048145	2	33
1447821261052	1447821259624	3	32
1447850711012	1447850710110	4	31
1447851151512	1447851150532	5	30
1447851900734	1447851899709	6	28
1447851990042	1447851988808	6	29
1447852578647	1447852577547	7	28
1447852651901	1447852650857	8	27
1447852871103	1447852870435	7	28
1447852920655	1447852919629	8	27
1447853726251	1447853725078	9	26
1447854059514	1447854059007	8	27
1447854425977	1447854425478	7	28
1447854491170	1447854490395	7	28
1447854522565	1447854522035	6	29
1447854789282	1447854788749	5	30
1447854922651	1447854913979	5	30
1447854941611	1447854941050	4	31
1447855009765	1447855008438	5	30
1447855125869	1447855125316	4	31
1447855193542	1447855192258	5	30
1447855472607	1447855470979	5	30
1447855515165	1447855514559	3	32
1447855736799	1447855736175	2	33
1447855873176	1447855871948	3	32
1447855997631	1447855997020	2	33
1447856258401	1447856257787	1	34
1447856357861	1447856357186	0	35
1447856427161	1447856425808	1	34
1447856492350	1447856491022	5	30
1447856557788	1447856556452	8	27
1447856608272	1447856606803	10	25
1447856672828	1447856671433	13	22
1447856722104	1447856720653	15	20
1447856796314	1447856795293	18	17
1447856848414	1447856847073	20	15
1447857310884	1447857309429	21	14
1447858992909	1447858991348	22	13
1447860778206	1447860777215	20	15
1447862739378	1447862737528	21	14
1447863151512	1447863149874	20	15
1447863319756	1447863318962	19	16
1447864936821	1447864935102	18	17
1447865198448	1447865197551	17	18
1447865615903	1447865614252	18	17
1447865669289	1447865668354	17	18
1447865773476	1447865771818	18	17
1447866349502	1447866347528	18	17
1447866365281	1447866364017	17	18
1447866808860	1447866807107	18	17
1447866909239	1447866907508	19	16
1447867586971	1447867585895	18	17
1447868026882	1447868025774	17	18
1447868224166	1447868222358	18	17
1447868257913	1447868256147	17	18
1447868641857	1447868640699	16	19
1447869337637	1447869335657	17	18
1447870478488	1447870476018	16	19
1447870483227	1447870481933	15	20
1447871005812	1447871003738	16	19
1447871178915	1447871177550	15	20
1447873072818	1447873070626	16	19
1447874496604	1447874494863	15	20
1447876265514	1447876263804	14	21
1447877344050	1447877342261	13	22
1447877610011	1447877608191	12	23
1447878017672	1447878016398	11	24
1447878729944	1447878728448	12	23
1447880171136	1447880170184	11	24
1447880698709	1447880697722	10	25
1447880871604	1447880869940	9	26
1447881067899	1447881066882	8	27
1447881248879	1447881227277	7	28
1447881967646	1447881965447	7	28
1447881979354	1447881978024	6	29
1447882365220	1447882364083	5	30
1447882717014	1447882715873	4	31
1447882824586	1447882822698	5	30
1447883383563	1447883382222	4	31
1447883750579	1447883749363	3	32
1447884020113	1447884018238	4	31
1447884071301	1447884069803	2	33
1447884436183	1447884434653	1	34
1447884810392	1447884808297	2	33
1447884874340	1447884872605	0	35
1447886141962	1447886139807	1	34
1447886423764	1447886421621	3	32
1447886493626	1447886491582	5	30
1447886552179	1447886550097	7	28
1447886616091	1447886614032	9	26
1447886679461	1447886677382	10	25
1447886745823	1447886743618	12	23
1447886804832	1447886802729	14	21
1447886831705	1447886830238	14	21
1447887027465	1447887025378	15	20
1447888295015	1447888293447	16	19
1447888487288	1447888469739	15	20
1447888885900	1447888884354	14	21
1447889139403	1447889137832	13	22
1447889599773	1447889597207	13	22
1447889613564	1447889611672	11	24
1447890742550	1447890740168	12	23
1447892212135	1447892210937	13	22
1447896215085	1447896214202	12	23
1447896353273	1447896351646	13	22
1447896397505	1447896395849	14	21
1447897809964	1447897808923	13	22
1447900550008	1447900548133	14	21
1447900819194	1447900817962	13	22
1447901004243	1447901002416	14	21
1447901062946	1447901061711	13	22
1447905347950	1447905346392	12	23
1447910948497	1447910947292	13	22
1447915467563	1447915462741	13	22
1447927391598	1447927389482	14	21
1447935426113	1447935424098	13	22
1447937235769	1447937234899	12	23
1447937573131	1447937571546	13	22
1447937689911	1447937688417	14	21
1447937713627	1447937712664	13	22
1447938362289	1447938360621	14	21
1447938598318	1447938596647	15	20
1447938689252	1447938687577	16	19
1447938885704	1447938884056	17	18
1447938925037	1447938923447	18	17
1447939382854	1447939381837	17	18
1447939490077	1447939488276	18	17
1447939586733	1447939585077	19	16
1447939706483	1447939704746	20	15
1447940260625	1447940258926	21	14
1447940330605	1447940329494	20	15
1447940461182	1447940458281	19	16
1447941024389	1447941022136	19	16
1447941029823	1447941028703	18	17
1447941406398	1447941404618	19	16
1447941467667	1447941465717	20	15
1447941659961	1447941658499	20	15
1447941716175	1447941714287	21	14
1447942112340	1447942110126	20	15
1447942137930	1447942136680	19	16
1447942403637	1447942402371	18	17
1447942879465	1447942877419	19	16
1447942957949	1447942955948	19	16
1447943110966	1447943109495	18	17
1447943583869	1447943581827	19	16
1447946463588	1447946461862	18	17
1447947164764	1447947163146	17	18
1447948255513	1447948253127	18	17
1447948302165	1447948299777	19	16
1447952032818	1447952031565	20	15
1447952389172	1447952387856	21	14
1447952765109	1447952761977	21	14
1447952772328	1447952771740	20	15
1447952851891	1447952851306	19	16
1447953408098	1447953406495	20	15
1447954211992	1447954210526	20	15
1447954779394	1447954777974	19	16
1447955051392	1447955050633	18	17
1447955282315	1447955280835	19	16
1447955820988	1447955820182	18	17
1447957061536	1447957060622	17	18
1447957303836	1447957301952	18	17
1447957620947	1447957619286	19	16
1447959600685	1447959599594	18	17
1447962687039	1447962685514	18	17
1447962713850	1447962711487	18	17
1447962968840	1447962966475	19	16
1447964378300	1447964376612	18	17
1447964781426	1447964779864	19	16
1447965105645	1447965104803	18	17
1447965167583	1447965166585	17	18
1447966238950	1447966238034	16	19
1447966502832	1447966501887	15	20
1447966861434	1447966860464	14	21
1447966892176	1447966890487	15	20
1447967633875	1447967632853	14	21
1447967704897	1447967703068	15	20
1447967807815	1447967806541	13	22
1447967871623	1447967870584	12	23
1447968618083	1447968608897	12	23
1447968631698	1447968630119	11	24
1447968797510	1447968796403	10	25
1447969092304	1447969090905	9	26
1447969223420	1447969222274	8	27
1447969396833	1447969395634	7	28
1447969790765	1447969789274	6	29
1447969841004	1447969839799	5	30
1447970375378	1447970373868	4	31
1447970731010	1447970729802	2	33
1447971362080	1447971360183	3	32
1447972523924	1447972522568	2	33
1447972604202	1447972602844	1	34
1447973125079	1447973123649	0	35
1447973493939	1447973491724	2	33
1447973553073	1447973550942	4	31
1447974396410	1447974393701	3	32
1447975694554	1447975692932	2	33
1447975740239	1447975737737	3	32
1447976237457	1447976235788	2	33
1447976393480	1447976391844	1	34
1447976938172	1447976936495	0	35
1447977883693	1447977881257	1	34
1447978624687	1447978622874	0	35
1447980894400	1447980893415	1	34
1447981133710	1447981133376	2	33
1447982040597	1447982039605	3	32
1447982842961	1447982841724	4	31
1447986570324	1447986568895	5	30
1447986866316	1447986865651	4	31
1448022519286	1448022484133	5	30
1448022566878	1448022565711	8	26
1448022639001	1448022638112	12	22
1448022679840	1448022678653	14	21
1448023340487	1448023339287	15	20
1448024116155	1448024115534	14	21
1448024284936	1448024283717	15	20
1448024755447	1448024754790	14	21
1448025070969	1448025069478	15	20
1448025238091	1448025236717	16	19
1448025368717	1448025367337	17	18
1448025955881	1448025955124	16	19
1448026942582	1448026940499	16	19
1448026952497	1448026951365	15	20
1448027304512	1448027295459	15	20
1448027371652	1448027369639	14	21
1448027376843	1448027375947	13	22
1448027876370	1448027874807	14	21
1448027954724	1448027953785	14	21
1448028083303	1448028082112	14	21
1448028408671	1448028407100	15	20
1448028592149	1448028591164	14	21
1448028655329	1448028654337	13	22
1448028847022	1448028845762	12	23
1448028962058	1448028961043	11	24
1448029072405	1448029070219	11	24
1448029077205	1448029076184	10	25
1448029621075	1448029619228	11	24
1448030104750	1448030102977	12	23
1448031293364	1448031282454	11	24
1448032784388	1448032783096	10	25
1448034285150	1448034283754	9	26
1448034406333	1448034404233	8	27
1448035399452	1448035396929	8	27
1448035404828	1448035403084	7	28
1448037223427	1448037215588	7	28
1448037242336	1448037241473	6	29
1448038657951	1448038656949	7	28
1448039160612	1448039160223	6	29
1448039265936	1448039264697	7	28
1448039350572	1448039349658	8	27
1448039482181	1448039480678	7	28
1448039486812	1448039486472	6	29
1448039757571	1448039756964	5	30
1448040219712	1448040219324	4	31
1448040899642	1448040898407	5	30
1448041226453	1448041225222	7	28
1448041307147	1448041278822	9	25
1448041358295	1448041357042	15	19
1448041423479	1448041422800	22	13
1448041480089	1448041479602	24	11
1448041547380	1448041546551	24	11
1448041571557	1448041570428	25	10
1448041865707	1448041864598	26	9
1448043330628	1448043329933	25	10
1448043545692	1448043544342	26	9
1448044949118	1448044948393	25	10
1448046931152	1448046929457	26	9
1448049237245	1448049236202	25	10
1448049954058	1448049939418	25	10
1448049972510	1448049970748	24	11
1448050823348	1448050822195	23	12
1448051539119	1448051538562	22	13
1448052363985	1448052362837	21	14
1448053335937	1448053334717	22	13
1448053577898	1448053576276	21	14
1448053615947	1448053615238	20	15
1448053661940	1448053661222	19	16
1448054291037	1448054290201	18	17
1448054374823	1448054374052	17	18
1448054981552	1448054980501	16	19
1448055612425	1448055610948	14	21
1448056051245	1448056050182	13	22
1448056815123	1448056814176	14	21
1448057569191	1448057560737	14	21
1448057603145	1448057602143	13	22
1448057992258	1448057990963	12	23
1448058115339	1448058114297	11	24
1448058468269	1448058466457	12	23
1448058581411	1448058578964	11	24
1448059054843	1448059053741	10	25
1448059183567	1448059182454	9	26
1448059772327	1448059770904	8	27
1448059896131	1448059895000	7	28
1448060414300	1448060413056	9	26
1448061002627	1448061001373	8	27
1448061303036	1448061301067	9	26
1448061368551	1448061367250	15	20
1448061419099	1448061417811	19	16
1448062649144	1448062646806	19	16
1448062698534	1448062696922	17	18
1448064357344	1448064355892	16	19
1448064523434	1448064508328	16	19
1448064538933	1448064536784	15	20
1448066274458	1448066273146	15	20
1448066307784	1448066307482	14	21
1448067381289	1448067380584	15	20
1448071135756	1448071134999	14	21
1448075786175	1448075784424	15	20
1448079089648	1448079087425	15	20
1448079098133	1448079096551	14	21
1448080556312	1448080555098	13	22
1448082081193	1448082079336	14	21
1448088325825	1448088320200	14	21
1448089847668	1448089845262	15	20
1448121867610	1448121865756	16	19
1448125259025	1448125257247	17	18
1448133868514	1448133853248	17	18
1448133910624	1448133908647	16	19
1448136516653	1448136514123	15	20
1448136580333	1448136570389	15	20
1448145141646	1448145140981	14	21
1448152180133	1448152178318	15	20
1448159911779	1448159881042	14	21
1448175369984	1448175368057	15	20
1448193727418	1448193725333	16	19
1448194686201	1448194683594	16	19
1448194690326	1448194688743	15	20
1448198176305	1448198175258	14	21
1448200706781	1448200706092	13	22
1448204538166	1448204536141	13	22
1448204589896	1448204588974	11	24
1448207318216	1448207317101	10	25
1448210091498	1448210089489	9	26
1448211600154	1448211599227	10	25
1448214493279	1448214492159	11	24
1448214543345	1448214542147	12	23
1448215163740	1448215162597	13	22
1448217578250	1448217577576	14	21
1448219862535	1448219860987	15	20
1448223276991	1448223275940	14	21
1448225010883	1448225009691	13	22
1448229955294	1448229953037	14	21
1448230703762	1448230701767	15	20
1448230825325	1448230823698	14	21
1448232906717	1448232905192	13	22
1448250860425	1448250858894	12	23
1448252956637	1448252954238	13	22
1448261172612	1448261167187	13	22
1448283296434	1448283295559	12	23
1448283330478	1448283328836	13	22
1448284632679	1448284631662	13	21
1448284888565	1448284887590	13	21
1448284892448	1448284891296	14	20
1448285006834	1448285005766	16	18
1448285206009	1448285204275	17	17
1448286075601	1448286074542	16	18
1448286281153	1448286280060	15	19
1448286593805	1448286592421	14	20
1448286686784	1448286685057	13	21
1448287267123	1448287265246	14	20
1448287336921	1448287335635	15	19
1448287593156	1448287591346	16	18
1448287632416	1448287631202	15	19
1448287699497	1448287697990	14	20
1448287838575	1448287836342	13	21
1448288106504	1448288105292	12	22
1448288621795	1448288619865	13	21
1448288684299	1448288683011	12	22
1448289709437	1448289708063	11	23
1448290197715	1448290196295	12	22
1448290640751	1448290638628	11	23
1448291137480	1448291135216	12	22
1448291780891	1448291778676	13	21
1448293596172	1448293594260	12	22
1448293815016	1448293813255	11	23
1448295469121	1448295459666	11	23
1448295506940	1448295504904	10	24
1448296057308	1448296054866	11	23
1448296651911	1448296650041	10	24
1448298367339	1448298366220	9	25
1448298707615	1448298706718	8	26
1448299022417	1448299021500	7	27
1448299275525	1448299259658	7	27
1448299295808	1448299294612	6	28
1448299382939	1448299382002	5	29
1448300060700	1448300046170	5	29
1448300086828	1448300085797	4	30
1448300261327	1448300259722	5	29
1448301000883	1448300999208	6	28
1448301244984	1448301243116	5	29
1448302288648	1448302287042	5	29
1448302341090	1448302339177	6	28
1448302893720	1448302891827	7	27
1448302950588	1448302948761	10	24
1448303019297	1448303017438	13	21
1448303053635	1448303051702	14	20
1448303136930	1448303135076	16	18
1448303188516	1448303186582	18	16
1448303549463	1448303547577	19	15
1448304192145	1448304190762	18	16
1448307657981	1448307656182	17	17
1448309492958	1448309490547	17	17
1448311964798	1448311961937	17	17
1448311980100	1448311979241	16	18
1448312154581	1448312152816	15	19
1448313179288	1448313178853	14	20
1448313303016	1448313301439	14	20
1448313311696	1448313311242	12	22
1448313383234	1448313382834	11	23
1448313671402	1448313670139	12	22
1448314087849	1448314087383	11	23
1448314473557	1448314473025	10	24
1448314641159	1448314640612	9	25
1448315415175	1448315400790	8	26
1448315432549	1448315431997	7	27
1448315770968	1448315770014	6	28
1448315856593	1448315855043	5	29
1448316326432	1448316325815	4	30
1448317374456	1448317373452	3	31
1448317618842	1448317618038	2	32
1448317756936	1448317755498	3	31
1448317847404	1448317846633	2	32
1448319827564	1448319825718	2	32
1448319886703	1448319872189	2	32
1448320663352	1448320661588	2	32
1448320885447	1448320883828	3	31
1448322509725	1448322508058	4	30
1448322846022	1448322844932	3	31
1448322905259	1448322904163	2	32
1448323458086	1448323455888	2	32
1448323510566	1448323509424	2	32
1448323695998	1448323694555	1	33
1448325444640	1448325429729	1	33
1448326594546	1448326592948	2	32
1448327475688	1448327474058	3	31
1448328737575	1448328735917	4	30
1448335500942	1448335498727	5	29
1448348429492	1448348428178	6	28
1448369235237	1448369233201	5	29
1448369681450	1448369678820	6	28
1448370961328	1448370960797	9	25
1448371429453	1448371428508	10	24
1448371481700	1448371480728	11	23
1448372277550	1448372276538	12	22
1448372524305	1448372523936	11	23
1448372608965	1448372608588	10	24
1448372728229	1448372727835	9	25
1448372997800	1448372997443	8	26
1448373995207	1448373994127	8	26
1448374033427	1448374032949	7	27
1448374129907	1448374128547	6	28
1448374136574	1448374135817	7	27
1448374630005	1448374628897	8	26
1448374841043	1448374839908	9	25
1448375274865	1448375274337	9	25
1448375336329	1448375335808	8	26
1448375734569	1448375733297	9	25
1448377988372	1448377986912	12	22
1448378059662	1448378058618	17	17
1448378088180	1448378087123	19	15
1448382386230	1448382384967	18	16
1448384471160	1448384470528	17	17
1448385177202	1448385175894	18	16
1448385749034	1448385747198	18	16
1448385762170	1448385761157	17	17
1448386591078	1448386590298	16	18
1448387075907	1448387074353	17	17
1448387971646	1448387970113	18	16
1448388629977	1448388332113	19	15
1448389307803	1448389306149	18	16
1448391772727	1448391771305	17	17
1448393345515	1448393344240	16	18
1448394040212	1448394037835	16	18
1448394045742	1448394044420	15	19
1448398268149	1448398265474	14	20
1448398285340	1448398283012	13	21
1448398548321	1448398546663	12	22
1448399323378	1448399322514	11	23
1448399597910	1448399596312	10	24
1448399710779	1448399709894	9	25
1448399970753	1448399968818	9	25
1448399980813	1448399978783	8	26
1448400570228	1448400568218	8	26
1448400581161	1448400579672	7	27
1448401493030	1448401492017	6	28
1448401604117	1448401601988	6	28
1448401607988	1448401606973	5	29
1448402052080	1448402050862	4	30
1448402402113	1448402400764	3	31
1448402482279	1448402481189	2	32
1448402806464	1448402805353	1	33
1448403237436	1448403235277	1	33
1448403249736	1448403248339	0	34
1448403508557	1448403506686	1	33
1448403600329	1448403599213	0	34
1448405537473	1448405535327	1	33
